
local cfr = CFrame.new

return {{tm=0;["Torso"]={cf=cfr(-.237,-.16,-.62,-.344,.866,-.364,-.861,-.445,-.246,-.375,.229,.898);es="Linear";ed="In";};["Left Leg"]={cf=cfr(-1.013,.627,.312,.787,-.602,.135,.342,.608,.717,-.514,-.517,.684);es="Linear";ed="In";};["Right Leg"]={cf=cfr(-.023,.214,-.049,.963,-.267,-.045,.26,.865,.429,-.075,-.425,.902);es="Linear";ed="In";};["Left Arm"]={cf=cfr(-.78,.27,-.489,.738,.667,-.102,-.432,.351,-.831,-.518,.657,.547);es="Linear";ed="In";};["Right Arm"]={cf=cfr(-.535,-.344,.319,.643,-.76,.099,.483,.502,.718,-.595,-.413,.689);es="Linear";ed="In";};["Head"]={cf=cfr(0,0,0,.77,-.6,.216,.621,.783,-.038,-.147,.163,.976);es="Linear";ed="In";};};{tm=.05;["Torso"]={cf=cfr(-.235,.17,-.676,-.876,-.319,-.36,.234,-.937,.261,-.421,.144,.896);es="Linear";ed="In";};["Left Leg"]={cf=cfr(-.858,.504,.351,.915,-.404,.01,.404,.915,0,-.009,.004,1);es="Linear";ed="In";};["Right Leg"]={cf=cfr(-.203,.044,-.045,.813,-.42,-.404,.492,.866,.088,.313,-.27,.91);es="Linear";ed="In";};["Left Arm"]={cf=cfr(-.423,-.129,-.528,.244,.557,-.793,-.932,.36,-.034,.267,.748,.608);es="Linear";ed="In";};["Right Arm"]={cf=cfr(.084,-.39,.774,-.175,-.943,.283,.309,.22,.925,-.935,.249,.253);es="Linear";ed="In";};["Head"]={cf=cfr(0,0,0,.989,-.146,.008,.14,.929,-.344,.043,.341,.939);es="Linear";ed="In";};};{tm=.067;["Torso"]={cf=cfr(-.063,.223,-.711,-.49,-.862,-.128,.75,-.492,.442,-.444,.12,.888);es="Linear";ed="In";};["Left Leg"]={cf=cfr(-.85,.726,.222,.881,-.472,.025,.438,.835,.334,-.178,-.284,.942);es="Linear";ed="In";};["Right Leg"]={cf=cfr(.35,.403,-.199,.98,-.149,-.13,.184,.927,.328,.072,-.345,.936);es="Linear";ed="In";};["Left Arm"]={cf=cfr(-.394,-.357,-.41,-.2,.513,-.835,-.848,.336,.409,.491,.79,.368);es="Linear";ed="In";};["Right Arm"]={cf=cfr(.305,-.343,.542,-.224,-.966,.131,.161,.096,.982,-.961,.241,.134);es="Linear";ed="In";};["Head"]={cf=cfr(-.001,.013,-.004,.983,.064,-.171,-.128,.91,-.395,.13,.41,.903);es="Linear";ed="In";};["ChaosSaberL"]={cf=cfr(.499,-.119,0,.959,.284,0,-.284,.959,0,0,0,1);es="Linear";ed="In";};};{tm=.083;["Torso"]={cf=cfr(.108,.276,-.746,.142,-.976,.165,.883,.2,.425,-.448,.086,.89);es="Linear";ed="In";};["Left Leg"]={cf=cfr(-.854,.834,.086,.843,-.538,.013,.411,.659,.63,-.348,-.526,.776);es="Linear";ed="In";};["Right Leg"]={cf=cfr(.913,.589,-.454,.973,.102,.208,-.188,.873,.449,-.136,-.476,.869);es="Linear";ed="In";};["Left Arm"]={cf=cfr(-.483,-.522,-.256,-.605,.455,-.653,-.558,.342,.756,.567,.822,.048);es="Linear";ed="In";};["Right Arm"]={cf=cfr(.539,-.277,.319,-.249,-.968,-.028,.004,-.03,1,-.968,.249,.011);es="Linear";ed="In";};["Head"]={cf=cfr(0,0,0,.901,.254,-.352,-.389,.832,-.395,.193,.493,.848);es="Linear";ed="In";};};{tm=.167;["Torso"]={cf=cfr(.238,-.138,-.794,.862,-.35,.366,.443,.871,-.212,-.244,.345,.906);es="Cubic";ed="Out";};["Left Leg"]={cf=cfr(-.214,.374,.092,.836,-.547,.04,.449,.724,.523,-.315,-.419,.851);es="Cubic";ed="Out";};["Right Leg"]={cf=cfr(.538,.816,.189,.961,-.155,-.229,.145,.988,-.063,.236,.027,.971);es="Cubic";ed="Out";};["Left Arm"]={cf=cfr(-.682,-.161,.589,.536,.784,.313,-.282,-.183,.942,.796,-.593,.123);es="Cubic";ed="Out";};["Right Arm"]={cf=cfr(1.086,.062,.184,.651,-.638,-.412,.31,-.272,.911,-.693,-.721,.02);es="Cubic";ed="Out";};["Head"]={cf=cfr(0,0,0,.991,.075,-.113,-.085,.992,-.091,.106,.099,.989);es="Cubic";ed="Out";};};{tm=.45;["Torso"]={cf=cfr(-.208,-.292,-.869,.672,.668,-.32,-.728,.518,-.449,-.134,.535,.834);es="Linear";ed="In";};["Left Leg"]={cf=cfr(.208,-.6,.242,.329,-.386,.862,.783,.622,-.02,-.528,.682,.507);es="Linear";ed="In";};["Right Leg"]={cf=cfr(.216,.619,-.192,.522,-.828,.203,.786,.56,.262,-.33,.023,.944);es="Linear";ed="In";};["Left Arm"]={cf=cfr(.077,-.505,.687,.356,-.797,.488,-.497,.281,.821,-.791,-.535,-.296);es="Linear";ed="In";};["Right Arm"]={cf=cfr(.008,-.356,.597,.56,.573,-.598,.416,.43,.801,.717,-.698,.003);es="Linear";ed="In";};["Head"]={cf=cfr(0,0,0,.785,-.552,.283,.577,.816,-.009,-.226,.17,.959);es="Linear";ed="In";};};{tm=.667;["Torso"]={cf=cfr(-.218,-.219,-.743,.575,.747,-.335,-.813,.475,-.337,-.092,.466,.88);es="Linear";ed="In";};["Left Leg"]={cf=cfr(.201,-.503,.325,.237,-.421,.875,.829,.557,.043,-.506,.716,.481);es="Linear";ed="In";};["Right Leg"]={cf=cfr(.277,.574,-.243,.579,-.776,.25,.698,.631,.339,-.42,-.021,.907);es="Linear";ed="In";};["Left Arm"]={cf=cfr(.057,-.519,.632,.383,-.763,.521,-.422,.358,.833,-.822,-.539,-.184);es="Linear";ed="In";};["Right Arm"]={cf=cfr(-.014,-.359,.61,.628,.558,-.542,.43,.332,.84,.649,-.76,-.031);es="Linear";ed="In";};["Head"]={cf=cfr(0,0,0,.727,-.613,.309,.653,.756,-.035,-.212,.228,.95);es="Linear";ed="In";};};}
